19, 48, 99, 71, 13, 52, 96, 73, 86, 7

19, 48, 71, 99, 13, 52, 96, 73, 86, 7
19, 48, 71, 13, 99, 52, 96, 73, 86, 7
19, 48, 71, 13, 52, 99, 96, 73, 86, 7
19, 48, 71, 13, 52, 96, 99, 73, 86, 7
19, 48, 71, 13, 52, 96, 73, 99, 86, 7
19, 48, 71, 13, 52, 96, 73, 86, 99, 7
19, 48, 71, 13, 52, 96, 73, 86, 7, 99
19, 48, 71, 13, 52, 96, 73, 7, 86, 99
19, 48, 71, 13, 52, 96, 7, 73, 86, 99
19, 48, 71, 13, 52, 7, 96, 73, 86, 99
19, 48, 71, 13, 7, 52, 96, 73, 86, 99
19, 48, 71, 7, 13, 52, 96, 73, 86, 99
19, 48, 7, 71, 13, 52, 96, 73, 86, 99
19, 7, 48, 71, 13, 52, 96, 73, 86, 99
7, 19, 48, 71, 13, 52, 96, 73, 86, 99
7, 19, 48, 13, 71, 52, 96, 73, 86, 99
7, 19, 48, 13, 52, 71, 96, 73, 86, 99
7, 19, 48, 13, 52, 71, 73, 96, 86, 99
7, 19, 48, 13, 52, 71, 73, 86, 96, 99
7, 19, 13, 48, 52, 71, 73, 86, 96, 99
7, 13, 19, 48, 52, 71, 73, 86, 96, 99

7, 13, 19, 48, 52, 71, 73, 86, 96, 99
